9
12
14
15
16
18
19
22
23
25
26
28
31
32
33
34
37
38
39
41
42
43
45
46
47
53
54
60
64
66
70
74
76
77
85
100
101
102
103
104
108
111
113
114
115
133
135
136
137
140
142
145
147
150
152
164
165
166
168
180
183
184
185
188
199
200
201
203
205
207
210
211
212
213
215
216
217
218
223
227
228
240
245
249
250
256
257
262
263
267
287
288
290
295
297
299
303
304
305
307
308
317
318
319
323
328
329
330
335
339
342
346
352
358
361
362
365
369
374
375
384
388
391
392
401
406
414
416
417
420
421
424
425
426
427
432
433
437
440
448
452
457
472
480
482
486
492
493
499
500
505
508
510
517
524
528
532
533
534
537
545
546
557
563
566
568
572
577
579
584
595
597
599
601
606
609
611
615
619
622
627
630
637
642
648
650
657
659
663
667
670
678
680
681
685
686
689
692
695
697
707
721
723
727
729
731
736
737
738
740
745
746
753
754
755
762
763
769
775
779
787
790
797
828
833
853
854
857
859
863
865
866
878
882
885
887
895
897
900
902
911
913
922
927
929
932
933
936
939
945
947
949
954
957
959
967
977
986
987
991
998
1013
1020