4
7
10
12
14
15
16
18
22
25
33
40
45
46
53
70
77
81
82
84
89
90
93
94
95
98
99
102
103
105
111
114
117
119
123
127
135
139
143
144
146
149
152
161
167
172
174
179
182
187
188
190
192
193
194
197
202
204
207
214
215
216
226
229
230
231
235
236
237
240
243
258
259
264
265
268
271
272
274
276
282
283
286
287
290
292
295
296
297
300
304
305
306
307
310
311
314
315
317
320
322
323
326
329
330
332
335
337
339
345
347
348
351
353
356
358
360
366
367
375
376
377
378
379
381
382
385
394
402
405
406
409
411
417
429
433
437
438
441
444
448
451
452
460
462
467
470
471
478
480
482
486
497
498
499
501
506
510
511
514
521
522
523
530
534
535
538
540
542
543
544
562
566
571
575
578
581
589
595
596
598
601
603
606
608
609
614
617
620
622
623
624
629
633
635
643
647
650
659
660
664
665
666
669
670
674
676
677
682
685
699
703
707
709
715
718
719
721
722
730
739
741
743
744
748
750
752
754
761
762
763
765
767
771
775
781
787
789
792
798
799
800
806
813
815
820
822
823
825
828
829
832
837
846
854
858
868
870
871
881
889
893
899
901
908
911
912
